0 0.026562 0.020313 0.043750 0.037500
0 0.028125 0.112500 0.053125 0.037500
0 0.024219 0.195312 0.045312 0.034375
0 0.023438 0.620313 0.043750 0.012500
0 0.977344 0.802344 0.045312 0.029687
0 0.974219 0.582031 0.051562 0.035937
0 0.870313 0.486719 0.081250 0.029687
0 0.662500 0.770312 0.037500 0.050000
0 0.710156 0.381250 0.076563 0.040625
0 0.821875 0.318750 0.075000 0.031250
0 0.891406 0.232031 0.048438 0.054688
0 0.899219 0.142187 0.057813 0.059375
0 0.807813 0.552344 0.093750 0.039062
0 0.771875 0.635938 0.071875 0.031250
0 0.771875 0.675781 0.062500 0.029687
0 0.264844 0.314063 0.079687 0.025000
