0 0.034375 0.886719 0.065625 0.057813
0 0.186719 0.902344 0.082812 0.035937
0 0.257031 0.825781 0.039062 0.064062
0 0.337500 0.864062 0.096875 0.043750
0 0.292187 0.908594 0.037500 0.045312
0 0.428125 0.972656 0.037500 0.039062
0 0.574219 0.963281 0.039062 0.051562
0 0.517969 0.807813 0.089063 0.037500
0 0.646875 0.892969 0.078125 0.032813
0 0.625781 0.370312 0.051562 0.021875
0 0.533594 0.317188 0.079687 0.043750
0 0.422656 0.378906 0.032813 0.020313
0 0.199219 0.167187 0.079687 0.037500
0 0.688281 0.192188 0.048438 0.062500
0 0.882031 0.181250 0.039062 0.037500
0 0.993750 0.010937 0.012500 0.018750
